0 0 0 1.56834
1 -0.122754 0.452491 -3.07786
2 -0.016072 1.21167 1.47444
3 0.039019 1.93562 1.45212
4 0.130125 2.64016 1.37021
5 0.239901 3.35264 1.37203
6 0.290476 4.03188 1.48052
7 0.362022 4.71606 1.57191
8 0.323353 5.42186 1.59723
9 0.315508 6.08651 1.56772
10 0.319913 6.74925 1.53018
11 0.321407 7.40916 1.56398
12 0.373145 8.05636 1.50666
13 0.355867 8.68576 1.54021
14 0.910098 9.14157 0.760548
15 1.38732 9.61353 0.778634
16 1.83845 10.1142 0.789681
17 2.30716 10.6154 0.823684
18 2.79761 11.1049 0.830941
19 3.3093 11.4106 0.343296
20 3.89465 11.66 0.355931
21 4.50994 11.8985 0.326701
22 5.17634 12.1416 0.277681
23 5.79336 12.324 0.246435
24 6.44769 12.4722 0.185987
25 7.17388 12.6019 0.16882
26 7.85502 12.7363 0.108408
27 8.49663 12.7973 0.116794
28 9.17896 12.8747 0.034006
29 9.84012 12.8878 0.029956
30 10.3962 12.8912 -0.060513
31 11.0447 12.843 -0.067081
32 11.7031 12.8053 -0.13881
33 12.5032 12.7142 -0.152585
34 13.1805 12.6115 -0.102355
35 13.8267 12.5452 -0.13635
36 14.4985 12.4762 -0.127892
37 15.1604 12.3707 -0.158421
38 15.785 12.2967 -0.156703
39 16.4313 12.1895 -0.119968
40 17.0547 12.1339 -0.137801
41 17.7216 12.045 -0.154311
42 18.4252 11.9283 -0.185315
43 19.0139 11.8746 -0.205969
44 18.9796 11.1301 -1.44633
45 19.0255 10.4476 -1.55673
46 19.0283 9.81294 -1.57226
47 19.0101 9.12018 -1.63966
48 18.9188 8.48151 -1.63967
49 18.8547 7.83037 -1.71383
50 18.7376 7.14844 -1.70485
51 18.5614 6.38645 -1.79762
52 18.3933 5.80962 -1.81645
53 18.4657 5.03318 -1.46997
54 18.5271 4.37052 -1.43376
55 18.5944 3.69509 -1.58843
56 18.5681 3.07798 -1.64562
57 18.513 2.36179 -1.59329
58 18.5179 1.70691 -1.55037
59 18.533 1.00557 -1.56379
60 18.5365 0.381577 -1.66331
61 18.4624 -0.297818 -1.62621
62 18.4056 -0.894275 -1.68706
63 18.3873 -1.56219 -1.56153
64 18.3544 -2.20582 -1.67772
65 18.2952 -2.88518 -1.59723
66 18.2606 -3.55827 -1.61482
67 18.2416 -4.20869 -1.56824
68 18.2089 -4.90734 -1.60283
69 18.1792 -5.54601 -1.56341
70 17.5917 -5.68995 -3.05502
71 16.9429 -5.75442 -2.98297
72 16.2743 -5.86374 -2.95739
73 15.5698 -5.9908 -2.88133
74 14.8684 -6.23229 -2.84987
75 14.0929 -6.39859 -3.13748
76 13.4196 -6.44142 -3.07748
77 12.7834 -6.48166 -2.95778
78 12.2908 -6.57757 -2.93477
79 11.7154 -6.52924 2.91267
80 11.0624 -6.37449 2.97924
81 10.3445 -6.33351 3.12316
82 9.67504 -6.29052 -3.09722
83 9.01821 -6.29388 3.13775
84 8.30269 -6.29471 -3.0734
85 7.64967 -6.31857 -3.01459
86 6.95189 -6.39544 -3.06056
87 6.37601 -6.36512 -3.08617
88 5.68025 -6.41796 -3.13433
89 5.05248 -6.39115 3.12107
90 4.36868 -6.38709 3.11572
91 3.69237 -6.35017 3.11723
92 3.04373 -6.34724 -3.06254
93 2.35658 -6.4168 -2.98751
94 1.69182 -6.4523 -3.03008
95 1.0443 -6.52586 -3.02154
96 0.344219 -6.47825 3.13171
97 -0.221366 -6.45152 -3.13368
98 -0.150416 -5.89115 1.58907
99 -0.159546 -5.22988 1.63119
100 -0.215232 -4.51241 1.60655
101 -0.242763 -3.84649 1.66461
102 -0.286114 -3.14946 1.63905
103 -0.355041 -2.45597 1.6469
104 -0.368939 -1.79324 1.64147
105 -0.426186 -1.12517 1.67977
106 -0.488727 -0.583422 1.62969
107 -0.558124 -0.51301 2.58991
108 -0.606447 -0.451383 3.11809
109 -0.605807 -0.500813 -2.61767
110 -0.558989 -0.548797 -2.0841
111 -0.515457 -0.548508 -1.51573
112 -0.471662 -0.532911 -0.979867
113 -0.481637 -0.522873 -0.420143
114 -0.484967 -0.423208 0.121065
115 -0.525855 -0.413573 0.657908
116 -0.538154 -0.497118 1.21798
117 -0.621446 0.312853 1.57842
118 -0.610559 1.06952 1.60173
119 -0.586899 1.72925 1.53998
120 -0.595645 2.37257 1.55991
121 -0.546648 3.27609 1.51869
122 -0.526853 3.96046 1.53937
123 -0.511256 4.64052 1.51156
124 -0.466992 5.27513 1.53833
125 -0.467732 5.93303 1.50703
126 -0.43229 6.61352 1.53733
127 -0.399377 7.31972 1.46978
128 -0.349465 7.99172 1.49635
129 0.00445 8.6306 1.01941
130 0.374155 9.11414 0.829911
131 0.803658 9.6192 0.761238
132 1.32455 10.0075 0.596142
133 1.93887 10.3659 0.484582
134 2.49896 10.6609 0.461796
135 3.07626 10.9407 0.471656
136 3.72389 11.2622 0.431213
137 4.34278 11.5305 0.390211
138 4.90135 11.8307 0.358906
139 5.54343 12.0865 0.330645
140 6.1617 12.2835 0.280241
141 6.76087 12.4489 0.25154
142 7.43303 12.608 0.222123
143 8.06481 12.7589 0.170753
144 8.73158 12.8767 0.149959
145 9.40684 12.9618 0.037682
146 10.0319 12.9875 0.03558
147 10.7605 12.9733 -0.040612
148 11.3604 12.9876 -0.034344
149 12.0405 12.9902 -0.074624
150 12.7127 12.9209 -0.175268
151 13.2973 12.796 -0.205925
152 13.9907 12.6818 -0.204442
153 14.5321 12.5894 -0.194571
154 15.2122 12.4578 -0.199235
155 15.9154 12.3155 -0.16593
156 16.5508 12.2555 -0.152205
157 17.1886 12.1337 -0.217016
158 17.8459 11.9725 -0.231507
159 18.5169 11.8269 -0.243813
160 19.0461 11.698 -0.286519
161 18.9364 10.9833 -1.54748
162 18.9266 10.3124 -1.60264
163 18.9323 9.65848 -1.53629
164 18.94 8.99008 -1.51536
165 19.0107 8.33367 -1.46953
166 19.0593 7.65672 -1.48809
167 19.0822 7.00583 -1.5179
168 19.1501 6.31436 -1.36388
169 19.1496 5.6868 -1.71426
170 19.0878 5.08805 -1.59067
171 18.938 4.63585 -1.95316
172 18.7031 4.01165 -1.84687
173 18.5649 3.32385 -1.89043
174 18.5383 2.79231 -1.47682
175 18.626 2.28012 -1.39881
176 18.6537 1.81814 -1.34303
177 18.7923 1.14099 -1.48167
178 18.7777 0.551611 -1.69136
179 18.679 -0.11284 -1.65522
180 18.6882 -0.726925 -1.5764
181 18.7004 -1.37405 -1.55086
182 18.7144 -2.05553 -1.48244
183 18.7545 -2.70036 -1.59328
184 18.7147 -3.38097 -1.64774
185 18.7116 -4.07111 -1.49599
186 18.5528 -4.44629 -2.29253
187 18.063 -4.91007 -2.34908
188 17.6313 -5.33749 -2.36664
189 17.183 -5.76426 -2.40381
190 16.6927 -5.86452 -2.93213
191 16.0156 -6.00065 -2.8431
192 15.3985 -6.22784 -2.78667
193 14.9185 -6.41962 -2.78981
194 14.2536 -6.38732 -3.07713
195 13.5721 -6.42197 -3.05892
196 13.0305 -6.50379 -2.95418
197 12.4612 -6.59448 -3.0494
198 11.833 -6.62803 -3.06832
199 11.0302 -6.60587 3.01781
200 10.3692 -6.50127 3.09943
201 9.69386 -6.50245 -3.09274
202 9.01106 -6.46652 3.09221
203 8.33049 -6.48662 -3.1192
204 7.6752 -6.56985 -2.9149
205 6.99386 -6.71805 -2.9049
206 6.37737 -6.7575 -3.06523
207 5.70179 -6.81862 -2.94485
208 5.08901 -6.88657 -3.12484
209 4.39752 -6.91306 -3.03681
210 3.69996 -6.9083 -3.12939
211 3.04664 -6.94198 -3.1379
212 2.3554 -6.85002 3.07753
213 1.68911 -6.81882 3.13986
214 1.00182 -6.76173 3.12286
215 0.346536 -6.75982 -3.10628
216 -0.298625 -6.77685 -3.07264
217 -0.372158 -6.1006 1.67496
218 -0.458869 -5.40997 1.6751
219 -0.509133 -4.71128 1.612
220 -0.51754 -4.00347 1.60466
221 -0.495301 -3.34936 1.5097
222 -0.398499 -2.65977 1.43501
223 -0.308514 -1.97919 1.44112
224 -0.263814 -1.29581 1.41786
225 -0.067835 -0.592513 1.52285
226 -0.060453 -0.082265 1.56444
227 -0.032185 0.621292 1.48381
228 0.003195 1.16494 1.47435
229 -0.052859 1.64774 1.65385
230 -0.150632 2.45096 1.66348
231 -0.170272 3.10456 1.61771
232 -0.202007 3.70176 1.54771
233 -0.232162 4.36386 1.65457
234 -0.27122 5.03491 1.59638
235 -0.357228 5.1148 3.03083
236 -0.961794 5.00679 -2.93971
237 -1.6158 4.89007 -2.93558
238 -2.29536 4.74295 -2.89294
239 -2.96951 4.61322 -2.86401
240 -3.58789 4.39418 -2.76287
241 -3.81201 4.22978 -1.66871
242 -3.76446 4.22375 -1.11909
243 -3.7097 4.26431 -0.588077
244 -3.70466 4.31172 -0.046509
245 -3.70441 4.36112 0.510053
246 -3.74381 4.42445 1.05512
247 -3.79179 4.44131 1.55398
248 -3.17387 4.447 0.122734
249 -2.53613 4.51846 0.066243
250 -1.89034 4.55066 0.050004
251 -1.21554 4.55571 0.021552
252 -0.543636 4.55646 -0.003787
253 -0.530848 4.64049 1.00138
254 -0.569732 4.62387 1.52196
255 -0.588541 4.66543 2.06726
256 -0.627195 4.66817 2.63768
257 -0.631216 4.5921 -3.10379
258 -0.629829 4.55843 -2.529
259 -0.581837 4.59414 -1.99913
260 -0.528257 4.53338 -1.45254
261 -0.479211 4.56868 -0.887507
262 -0.471295 4.60585 -0.356215
263 -0.456606 4.63487 0.199907
264 -0.509165 4.63249 0.708316
265 -0.476714 4.94921 1.2365
266 -0.31283 5.61234 1.34814
267 -0.154625 6.27677 1.26164
268 0.008845 6.86544 1.28869
269 0.682404 6.84817 0.071407
270 1.30208 6.89034 0.02519
271 2.04153 6.94812 -0.014227
272 2.11061 6.91168 -3.05063
273 2.14109 7.08541 1.95297
274 2.08535 6.99921 2.51251
275 1.55434 7.08521 2.90309
276 1.50702 7.05555 -2.8031
277 1.01571 6.88324 -3.12885
278 0.500206 7.31101 2.48081
279 -0.06159 7.73442 2.44458
280 0.303707 8.34452 1.0405
281 0.659696 8.9071 1.00158
282 1.00826 9.49057 0.965295
283 1.08991 9.7055 1.88715
284 0.649355 10.1718 2.35071
285 0.122934 10.6425 2.45392
286 -0.388611 11.0503 2.57476
287 -0.561298 11.0464 -2.69481
288 -0.517714 10.9893 -1.66325
289 -0.414422 11.0317 -0.647192
290 -0.400596 11.071 -0.138576
291 -0.396984 11.1245 0.428543
292 -0.284034 11.4405 0.991424
293 0.075996 11.9902 1.03834
294 0.399901 12.578 0.959453
295 0.599207 12.828 1.68947
296 0.544586 12.7795 2.20503
297 0.536884 12.7285 2.76619
298 0.513364 12.6795 -2.95246
299 0.541544 12.6721 -2.4125
300 0.586636 12.6092 -1.85829
301 0.623806 12.6509 -1.29989
302 1.00997 12.4868 -0.692188
303 1.5332 12.0731 -0.752144
304 1.88067 11.5014 -1.03432
305 2.22495 10.9402 -1.06587
306 2.48795 10.462 -1.1409
307 2.51252 10.5083 -0.101836
308 2.485 10.5721 0.40494
309 3.03849 10.8396 0.458925
310 3.61114 11.0782 0.348242
311 3.85811 10.4548 -1.09037
312 4.10392 9.87548 -1.16543
313 4.40351 9.29319 -1.09398
314 4.72782 8.68745 -1.02252
315 4.68974 8.0659 -1.56483
316 4.71756 7.97563 -1.00892
317 4.74897 8.09716 -0.498241
318 4.74294 8.14752 0.277129
319 4.6959 8.15336 0.83046
320 4.64638 8.16161 1.36444
321 4.64948 8.80097 1.51799
322 4.69118 9.50323 1.48853
323 5.01412 9.76132 -0.020094
324 5.69309 9.74668 0.011587
325 6.34122 9.71487 -0.054745
326 6.98405 9.69898 0.006813
327 7.56683 9.68195 -0.0401
328 7.05994 9.82801 2.98255
329 6.41051 9.91589 3.06709
330 5.70343 9.95033 3.10425
331 5.0167 9.95575 -3.10134
332 4.97267 10.5494 1.729
333 4.88007 11.1965 1.70158
334 4.83354 11.9097 1.60675
335 5.41601 11.8625 0.06777
336 6.04989 11.8775 -0.021233
337 6.47599 11.9353 0.952526
338 6.48363 12.5677 1.48088
339 6.57702 13.1824 1.42026
340 6.70298 13.8223 1.3688
341 6.8596 14.4598 1.33568
342 7.07223 15.1363 1.26825
343 7.23108 15.6133 1.28411
344 7.14408 15.1958 -1.74742
345 7.05338 14.5136 -1.74804
346 6.87798 13.884 -1.73476
347 6.74824 13.197 -1.70484
348 6.67723 12.559 -1.65629
349 6.75377 12.2283 -0.700511
350 6.81805 12.2732 -0.200613
351 7.3551 12.3072 -0.028609
352 8.07761 12.2702 -0.074477
353 8.71036 12.2942 0.006282
354 9.38408 12.28 0.129691
355 10.0425 12.3381 0.028176
356 10.7251 12.3504 -0.090982
357 11.4441 12.3103 0.141591
358 12.0294 12.4829 0.215306
359 12.6373 12.6044 0.136962
360 13.342 12.679 0.085515
361 13.5195 12.7845 1.1538
362 13.4375 13.376 1.54164
363 13.5361 14.0801 1.37347
364 13.7066 14.7651 1.32704
365 13.8286 15.399 1.28597
366 13.8593 15.791 2.75322
367 13.8948 15.6488 -1.95498
368 13.7747 15.0342 -1.78747
369 13.6229 14.4088 -1.72506
370 13.5534 13.7377 -1.69899
371 13.4643 13.0824 -1.66087
372 13.3872 12.4462 -1.71896
373 13.426 12.4376 -1.19385
374 13.4857 12.4995 -0.665547
375 13.5191 12.5413 -0.100432
376 14.0893 12.5177 -0.051312
377 14.7804 12.4917 -0.084735
378 15.3815 12.4681 -0.1119
379 16.0016 12.3857 -0.132547
380 16.6323 12.3016 -0.166656
381 17.2926 12.1774 -0.266402
382 17.9323 12.0312 -0.268797
383 18.5594 11.8133 -0.300852
384 19.19 11.6047 -0.375261
385 19.3455 11.6424 0.669353
386 19.2946 11.6735 1.18
387 19.3372 12.2324 1.42358
388 19.4642 12.8769 1.38514
389 19.6082 13.53 1.34547
390 19.7923 14.1982 1.23679
391 19.9972 14.8098 1.41142
392 20.074 15.5082 1.47027
393 19.9961 15.703 2.25787
394 19.9807 15.6604 2.79181
395 19.9697 15.6146 -2.91086
396 20.0275 15.5917 -2.383
397 20.0794 15.5895 -1.80257
398 20.1299 15.5708 -1.28609
399 20.1891 15.6169 -0.774148
400 20.2063 15.6585 -0.205917
401 20.2279 15.7161 0.292133
402 19.9353 15.0778 -1.91985
403 19.6545 14.4796 -1.89352
404 19.4662 13.8024 -1.76369
405 19.3057 13.157 -1.75757
406 19.2205 12.5041 -1.67564
407 19.2439 11.9237 -1.63956
408 19.1891 11.2735 -1.60177
409 19.1234 10.5887 -1.65061
410 19.2152 10.5981 -0.63453
411 19.2493 10.6206 -0.103616
412 19.8798 10.6228 0.0173
413 20.5374 10.6313 -0.011509
414 21.2298 10.6181 -0.030608
415 21.4223 10.6689 1.22562
416 21.3734 10.6864 1.75448
417 21.2721 10.6959 2.31247
418 21.2656 10.6467 2.89823
419 21.258 10.598 -2.86144
420 20.665 10.3734 -2.7929
421 20.0552 10.1137 -2.72099
422 19.4159 9.90416 -2.69388
423 18.7979 9.61996 -2.64106
424 18.7139 9.53741 -2.01227
425 18.6528 8.91659 -1.6567
426 18.6033 8.26591 -1.51999
427 18.6231 7.60587 -1.55706
428 18.642 6.94809 -1.45962
429 18.7136 6.30117 -1.44728
430 18.8375 5.62468 -1.37792
431 18.9471 4.99402 -1.38465
432 19.0459 4.46995 -1.27881
433 19.1185 4.55812 -0.216483
434 19.7141 4.52233 0.018842
435 20.3134 4.52757 -0.030867
436 20.9782 4.49801 -0.053573
437 21.6155 4.44378 -0.14904
438 21.7241 4.52809 0.621764
439 21.6822 4.59568 1.17936
440 21.6338 4.61241 1.67894
441 21.576 4.5835 2.24108
442 21.5703 4.53811 2.7733
443 21.5173 4.48236 -2.98203
444 20.8249 4.33072 -3.08979
445 20.1375 4.27973 -3.02308
446 19.5345 4.18427 -2.94121
447 18.9072 4.12005 -3.02074
448 18.6206 4.01436 -1.91923
449 18.5653 3.38614 -1.76917
450 18.5694 3.03032 -0.738396
451 18.5972 3.09549 -0.202396
452 19.2119 3.11909 0.022307
453 19.9079 3.10379 -0.239227
454 20.5292 2.93841 -0.242705
455 21.1527 2.78481 -0.237273
456 21.7784 2.63914 -0.25464
457 21.779 2.65537 -0.34102
458 20.921 2.86422 3.09771
459 20.2315 2.92823 3.02823
460 19.5765 2.9872 3.10693
461 18.9215 3.00048 -3.12343
462 18.5741 2.93205 -2.07823
463 18.6039 2.86324 -1.43628
464 18.6872 2.20015 -1.42007
465 18.7506 1.51282 -1.5252
466 18.7749 0.874391 -1.59966
467 18.7247 0.366752 -1.67423
468 18.6466 -0.271021 -1.62929
469 18.602 -0.955592 -1.67764
470 18.539 -1.63166 -1.6626
471 18.4456 -2.27355 -1.7222
472 18.3494 -2.8487 -1.8093
473 18.4264 -2.81494 -0.80949
474 18.4775 -2.7885 -0.25366
475 19.1369 -2.79861 0.16501
476 19.8233 -2.6201 0.418628
477 20.3746 -2.27153 0.574743
478 21.0387 -2.09038 0.067757
479 21.6693 -2.09515 0.226209
480 21.6254 -2.04619 0.758789
481 21.581 -2.0311 1.31085
482 21.5355 -2.02176 1.83986
483 21.4776 -2.06372 2.42068
484 21.4603 -2.10006 2.92929
485 20.8514 -2.22623 -2.99909
486 20.2167 -2.3097 -3.02119
487 19.6011 -2.47033 -2.74493
488 18.9838 -2.73426 -2.73378
489 18.4685 -2.9302 -2.79812
490 18.5192 -2.98803 -2.30433
491 18.5295 -2.99853 -1.74715
492 18.5845 -3.60122 -1.54017
493 18.6848 -4.26593 -1.4127
494 18.7239 -4.33564 -0.624417
495 18.7367 -4.28978 -0.085466
496 19.3372 -4.30965 0.022953
497 19.9308 -4.28593 0.020738
498 20.6035 -4.26821 0.027901
499 21.25 -4.24334 -0.028603
500 21.9504 -4.27535 -0.034408
501 21.2143 -4.18991 -0.224805
502 20.4344 -4.11355 -3.04653
503 19.808 -4.23142 -2.67758
504 19.2545 -4.47488 -2.7206
505 18.651 -4.7591 -2.65543
506 18.5778 -4.8849 -1.5494
507 18.7134 -5.11628 -1.01755
508 18.9714 -5.67199 -1.18287
509 19.1821 -6.2623 -1.19969
510 19.3767 -6.90155 -1.16974
511 19.6319 -7.42983 -1.13364
512 19.8876 -8.02143 -1.08544
513 20.0284 -8.19154 -0.608896
514 20.0344 -8.08951 -0.08962
515 20.0343 -8.0348 0.455105
516 19.9878 -7.9839 0.970633
517 19.9389 -7.97574 1.50718
518 19.8833 -8.01549 2.03856
519 19.8246 -8.0475 2.60166
520 19.82 -8.09445 3.13642
521 19.504 -7.52053 2.17301
522 19.07 -6.96664 2.28187
523 18.6709 -6.47261 2.38458
524 18.2782 -5.96491 2.20541
525 17.9153 -5.46044 2.22842
526 17.4923 -4.94197 2.29578
527 17.0005 -4.43646 2.34442
528 16.6389 -3.99781 2.07557
529 16.7672 -4.79795 -1.44089
530 16.73 -5.4114 -1.5703
531 16.7981 -6.07822 -1.49876
532 16.7453 -6.73555 -1.59304
533 16.7131 -7.38363 -1.63849
534 16.6058 -8.15495 -1.59595
535 16.5977 -8.80341 -1.62537
536 16.5816 -9.44473 -1.54596
537 16.6378 -9.64092 -1.0594
538 16.6536 -9.59732 -0.493573
539 16.6708 -9.54895 0.086142
540 16.6358 -9.49709 0.604109
541 16.5477 -9.41308 1.58974
542 16.4971 -8.81267 1.73701
543 16.3999 -8.11904 1.6725
544 16.3015 -7.43218 1.74398
545 16.1534 -6.75991 1.81325
546 16.0142 -6.08593 1.79622
547 15.9066 -5.98919 2.86102
548 15.3126 -6.1497 -2.98662
549 14.8305 -6.2645 -2.40171
550 14.8554 -6.23562 -1.82368
551 14.8521 -6.8206 -1.61904
552 14.7304 -7.47235 -1.58262
553 14.6378 -7.52465 1.68072
554 14.6516 -6.88225 1.54526
555 14.7 -6.20937 1.45599
556 14.7391 -6.0004 1.93165
557 14.713 -6.01455 2.51123
558 14.783 -6.06876 2.99669
559 14.225 -6.18089 -2.97409
560 13.6431 -6.27813 -2.95356
561 12.9723 -6.37227 -3.07786
562 12.4052 -6.37208 -2.97207
563 11.7298 -6.42228 -3.1269
564 11.0561 -6.4471 -3.02129
565 10.4344 -6.55965 -3.02478
566 9.72372 -6.60061 -2.97508
567 9.38728 -6.74688 -1.89325
568 9.45771 -7.34715 -1.45101
569 9.54709 -7.68354 -0.43348
570 9.5333 -7.65489 0.080604
571 9.5022 -7.61424 0.614277
572 9.46421 -7.56992 1.12972
573 9.47734 -7.58118 1.69314
574 9.26704 -6.96365 1.87198
575 9.11143 -6.32936 1.82874
576 8.4639 -6.4608 -2.97086
577 7.96013 -6.54825 -2.79258
578 7.99427 -6.61046 -2.20729
579 8.02199 -6.63525 -1.68268
580 8.06263 -7.23797 -1.49961
581 8.13931 -7.89732 -1.49863
582 8.19145 -8.54732 -1.46293
583 7.85467 -8.94717 -2.5596
584 7.32222 -9.30907 -2.59008
585 7.6084 -8.81174 0.964551
586 7.99314 -8.25022 1.06865
587 7.96051 -7.78765 1.73335
588 7.86228 -7.10072 1.7569
589 7.7688 -6.94836 2.74646
590 7.11005 -6.88955 3.07288
591 6.44203 -6.87259 -3.12765
592 5.76298 -6.88871 -3.07409
593 5.08046 -6.93221 -2.95153
594 4.42179 -7.08255 -2.8967
595 3.72034 -7.12259 -3.05268
596 3.06907 -7.16726 -2.97436
597 2.39489 -7.30489 -2.90926
598 1.79053 -7.4697 -2.86408
599 1.83299 -7.52627 -2.31854
600 1.88235 -7.54467 -1.74437
601 1.96961 -8.14382 -1.56553
602 1.91534 -8.83837 -1.63844
603 1.97413 -9.28679 -0.934643
604 1.98397 -9.23867 -0.419995
605 2.00183 -9.18935 0.097421
606 2.00373 -9.13865 0.622577
607 1.9075 -9.0926 1.64656
608 1.852 -9.12779 2.21296
609 1.98501 -8.51361 1.4268
610 2.02504 -7.83265 1.47626
611 2.04658 -7.19165 1.48067
612 2.00679 -7.14497 2.49049
613 1.97839 -7.23161 2.98929
614 1.41967 -7.19912 3.04479
615 0.716061 -7.10035 3.08102
616 0.065461 -7.08813 -3.11071
617 -0.623399 -7.10541 -3.09438
618 -1.27013 -7.14215 -3.10163
619 -1.93637 -7.16775 -3.10898
620 -2.58086 -7.17075 3.12303
621 -3.24766 -7.15794 3.14025
622 -3.63175 -7.21233 -2.17541
623 -3.58642 -7.22685 -1.65039
624 -3.53697 -7.24605 -1.10435
625 -3.52521 -7.21567 -0.544365
626 -3.51366 -7.12051 -0.011416
627 -3.49624 -7.06954 0.541752
628 -3.48252 -7.00404 1.09136
629 -3.53279 -6.99136 1.60488
630 -2.97115 -7.04358 -0.017332
631 -2.35869 -7.0584 0.017347
632 -1.66157 -7.065 -0.023317
633 -0.98044 -7.09489 -0.01574
634 -0.330425 -7.12466 -0.059805
635 -0.04521 -7.08343 0.992853
636 -0.079847 -7.0177 1.51767
637 -0.144518 -6.45489 1.57576
638 -0.204429 -5.733 1.5715
639 -0.236914 -5.04539 1.60177
640 -0.212727 -4.41564 1.56521
641 -0.200416 -3.78989 1.59526
642 -0.165957 -3.09211 1.53078
643 -0.135153 -2.42223 1.52431
644 -0.06498 -1.7786 1.48793
645 -0.124207 -1.31151 2.44664
646 -0.155887 -1.37686 2.98372
647 -0.78691 -1.3943 -3.10858
648 -1.46793 -1.42837 -3.13132
649 -2.13624 -1.42038 -3.11111
650 -2.77179 -1.4637 -3.08359
651 -3.35643 -1.50426 -3.04059
652 -3.34587 -1.57382 -1.95518
653 -3.29862 -1.58929 -1.41548
654 -3.23464 -1.5536 -0.352465
655 -3.23039 -1.50319 0.220537
656 -3.27802 -1.4037 0.702525
657 -3.31832 -1.33758 1.26938
658 -2.7368 -1.47975 -0.071094
659 -2.11367 -1.54838 -0.16292
660 -1.31632 -1.34587 0.265737
661 -0.622882 -1.16143 0.028828
662 0.043943 -1.23569 -0.215207
663 0.656194 -1.39197 -0.313575
664 0.664279 -1.36921 0.210731
665 0.604428 -1.33475 1.25587
666 0.568221 -1.29187 1.79998
667 0.500937 -1.46223 2.31734
668 0.475743 -1.4974 2.85315
669 0.459673 -1.47652 -2.88733
670 0.497239 -1.51009 -2.38407
671 0.321662 -2.04513 -1.91624
672 0.086406 -2.61997 -2.00976
673 -0.22406 -3.22335 -1.94762
674 -0.321495 -3.91229 -1.63755
675 -0.224438 -4.56227 -1.2627
676 -0.113325 -4.66898 -0.477422
677 0.48352 -5.00468 -0.521177
678 1.09513 -5.32491 -0.52806
679 1.53234 -5.59117 -0.563167
680 2.08941 -5.95962 -0.595511
681 2.61378 -6.33359 -0.600508
682 3.16288 -6.68102 -0.626316
683 3.76125 -6.56928 0.133979
684 4.44558 -6.46571 0.212391
685 5.09705 -6.31576 0.191335
686 5.73786 -6.1638 0.225176
687 6.39797 -6.13072 -0.180371
688 7.00016 -6.24567 -0.094506
689 7.61955 -6.29423 -0.092729
690 8.22221 -6.36069 -0.100814
691 8.85724 -6.45013 -0.12188
692 9.58761 -6.22236 0.298686
693 10.2307 -6.17565 0.043664
694 10.9105 -6.15051 0.031291
695 11.5392 -6.1306 -0.004041
696 12.1738 -6.14143 -0.066533
697 12.8196 -6.22474 -0.106266
698 13.4118 -6.31136 -0.116199
699 13.9576 -6.18355 0.333437
700 14.4779 -5.96741 0.369263
701 15.1098 -5.718 0.331533
702 15.7287 -5.50199 0.331011
703 16.3066 -5.29287 0.276311
704 16.9261 -5.14492 0.178248
705 17.5796 -5.05714 0.128348
706 18.2033 -4.9903 0.072159
707 18.5254 -4.88075 1.58865
708 18.4221 -4.27844 1.72617
709 18.4416 -3.62297 1.55626
710 18.4325 -2.93943 1.55686
711 18.4643 -2.29783 1.48364
712 18.5839 -1.6231 1.47665
713 18.6573 -0.966371 1.4763
714 18.6415 -0.288619 1.52078
715 18.7058 0.371901 1.47276
716 18.6242 0.893516 1.81198
717 18.521 1.46454 1.84146
718 18.4366 2.08296 1.67811
719 18.4004 2.75126 1.45016
720 18.5557 3.76883 1.39789
721 18.5641 4.09613 1.59687
722 18.5088 4.7373 1.64405
723 18.499 5.428 1.53708
724 18.553 6.09239 1.4778
725 18.6107 6.77538 1.43357
726 18.7396 7.41279 1.38034
727 18.8475 8.04298 1.30472
728 18.9923 8.64665 1.38907
729 19.1243 9.30637 1.36186
730 19.189 9.9818 1.4149
731 19.2084 10.662 1.62043
732 19.1856 11.3325 1.54016
733 19.1981 11.9892 1.52911
734 19.1211 12.1102 3.01084
735 18.8094 12.0685 -3.01865
736 18.2611 11.9643 -2.98704
737 17.576 12.0239 3.01049
738 16.931 12.129 3.08034
739 16.2858 12.195 3.09704
740 15.5873 12.2109 3.06618
741 14.9129 12.296 3.10803
742 14.2151 12.3418 3.10242
743 13.5541 12.3529 -3.13736
744 12.827 12.3486 3.13922
745 12.5019 12.3446 -3.11115
746 11.961 12.3372 -3.10198
747 11.2872 12.3342 -3.05953
748 10.6133 12.2701 -3.04737
749 9.9523 12.1614 -2.98134
750 9.29167 12.0696 -2.99209
751 8.60857 12.0034 -2.99817
752 7.95007 11.909 -2.97841
753 7.31557 11.831 -2.9782
754 6.63913 11.7051 -2.96578
755 5.98139 11.607 -2.98334
756 5.33773 11.5041 -2.96829
757 4.71207 11.4084 -2.95577
758 4.06851 11.2905 -2.90433
759 3.46339 11.1504 -2.94054
760 2.81229 11.0575 -2.92673
761 2.47015 10.4265 -2.07062
762 2.05122 9.91118 -2.36196
763 1.57998 9.46004 -2.27164
764 1.09835 9.01045 -2.43811
765 0.627074 8.56154 -2.37393
766 0.154866 8.09744 -2.27993
767 -0.229937 7.62063 -2.19544
768 -0.452648 7.20214 -1.60418
769 -0.403655 6.21033 -1.45696
770 -0.405409 5.88254 -1.52952
771 -0.383339 5.22031 -1.49005
772 -0.330434 4.6133 -1.38725
773 -0.307011 3.90979 -1.52248
774 -0.248518 3.11502 -1.49693
775 -0.187651 2.4946 -1.43827
776 -0.106417 1.69399 -1.56036
777 -0.051986 1.18209 -1.43739
778 0.004312 0.571175 -1.50692
779 0.072534 -0.139466 -1.50083
780 0.017152 -0.79981 -1.47058
781 0.098409 -1.42952 -1.37456
782 0.201152 -1.93835 -1.38888
783 0.24743 -1.84822 -0.340157
784 0.831673 -1.74541 0.018491
785 1.47113 -1.75081 -0.016594
786 2.11104 -1.77194 -0.032864
787 2.81663 -1.75364 -0.070463
788 3.48355 -1.78289 -0.139243
789 3.42735 -2.52602 -1.55635
790 3.39867 -3.23148 -1.63985
791 3.41697 -3.56564 -1.07948
792 3.49829 -3.52359 -0.529499
793 3.54148 -3.48729 0.060972
794 3.53993 -3.43576 0.595886
795 3.5201 -3.38079 1.08858
796 3.4832 -3.36958 1.6547
797 3.42425 -3.4174 2.21045
798 3.36067 -3.45347 2.7423
799 3.47114 -2.94118 1.58365
800 3.45518 -2.23986 1.61138
801 3.44912 -1.58969 1.66901
802 3.42012 -0.915209 1.60532
803 3.38528 -0.246362 1.60069
804 3.3133 -0.195126 2.59834
805 3.29903 -0.243654 3.10122
806 3.30267 -0.290509 -2.64904
807 3.33947 -0.344523 -2.13
808 3.38577 -0.342896 -1.56652
809 3.42683 -0.295937 -1.01774
810 3.48666 -0.198202 -0.510188
811 4.13481 -0.210743 -0.104418
812 4.78073 -0.342493 -0.082251
813 4.98157 -0.682895 -1.57864
814 5.01972 -1.28079 -1.47284
815 5.05291 -1.86343 -1.53179
816 5.11174 -1.80095 -0.490329
817 5.50267 -2.33561 -0.936159
818 5.66871 -3.00949 -1.51264
819 5.65369 -3.68928 -1.49385
820 5.7242 -3.83928 -0.94403
821 6.32256 -3.87419 -0.279727
822 6.892 -4.03253 -0.210179
823 7.33077 -4.50691 -0.738529
824 7.42645 -4.51482 -0.247634
825 7.42473 -4.46679 0.247624
826 7.37649 -4.40795 0.793645
827 7.3259 -4.38704 1.31428
828 7.2584 -4.40952 1.85514
829 7.18358 -4.43125 2.37658
830 6.61479 -4.1406 2.64438
831 6.04322 -3.82329 2.66059
832 5.47988 -3.58295 2.56865
833 5.50361 -2.87086 1.70161
834 5.39737 -2.1654 1.69483
835 5.7089 -1.81391 -0.10997
836 6.38047 -1.92086 -0.165738
837 6.98363 -2.01991 -0.287839
838 7.71012 -2.01225 -0.087529
839 8.38796 -2.076 -0.130568
840 9.0479 -2.18397 -0.135846
841 9.67799 -2.11797 0.138187
842 10.3576 -2.08753 -0.003897
843 11.0251 -2.11635 -0.050865
844 11.686 -2.24967 -0.160271
845 12.3431 -2.23664 0.175949
846 12.9715 -2.14345 0.077457
847 13.6252 -2.12305 0.094153
848 14.2658 -2.06274 0.089037
849 14.8357 -2.00913 0.09457
850 15.0536 -2.64585 -1.10852
851 14.9508 -3.41666 -1.68729
852 14.9386 -4.04938 -1.6092
853 14.909 -4.59221 -1.59059
854 15.0406 -4.51355 -0.580952
855 15.0082 -4.46424 -0.015477
856 15.023 -4.41394 0.527198
857 14.9862 -4.38026 1.07602
858 14.8934 -4.35975 1.59964
859 14.8104 -3.76687 1.69802
860 14.8692 -3.03804 1.28386
861 15.0731 -2.39691 1.23567
862 15.2752 -1.80544 1.20851
863 15.966 -1.4966 -0.193898
864 16.6337 -1.54806 -0.173129
865 16.8341 -1.95997 -1.65268
866 16.8477 -2.55829 -1.54683
867 16.8126 -3.17106 -1.58442
868 16.7592 -3.87778 -1.58753
869 16.7651 -4.47135 -1.52145
870 16.8056 -5.11882 -1.51999
871 16.8744 -5.56858 -0.711207
872 16.8901 -5.46958 -0.209851
873 16.887 -5.42489 0.390245
874 16.8278 -5.35297 0.941403
875 16.768 -5.30279 1.48818
876 16.7424 -5.34302 2.02853
877 16.7153 -5.37849 2.57042
878 16.6747 -5.40885 3.10715
879 16.0908 -5.61368 -2.82201
880 15.4655 -5.77865 -2.87529
881 14.9183 -5.94095 -2.77052
882 14.2696 -6.17682 -2.87592
883 13.532 -6.332 -2.99287
884 12.8323 -6.34027 3.13912
885 12.2408 -6.28453 -3.1334
886 11.5484 -6.29949 -3.09792
887 10.8547 -6.3107 -3.04396
888 10.2331 -6.36296 -3.0284
889 10.3112 -6.43916 -2.04068
890 10.3767 -6.46682 -1.43518
891 10.3056 -6.42859 -0.91958
892 10.4025 -6.39403 -0.334186
893 11.0162 -6.26827 0.106843
894 11.621 -6.17119 0.146818
895 12.3456 -6.07984 0.080864
896 12.9361 -6.04495 0.058067
897 13.6305 -6.07001 -0.023122
898 14.2461 -6.08164 0.002808
899 14.8788 -6.17816 -0.099878
900 15.5036 -6.27811 -0.083655
901 16.1184 -6.38504 -0.106672
902 16.5733 -6.34544 0.326086
903 16.485 -6.25223 0.846966
904 16.4281 -6.22235 1.36925
905 16.5128 -5.62332 1.42205
906 16.6077 -5.01249 1.51088
907 16.6737 -4.28963 1.47807
908 16.6736 -3.63372 1.53825
909 16.706 -2.90866 1.54444
910 16.7482 -2.20439 1.51397
911 16.7363 -1.58327 1.54072
912 16.7188 -1.55607 2.06677
913 16.6453 -1.64925 3.07388
914 15.9475 -2.11918 -3.12761
915 15.3229 -2.08964 -3.11155
916 14.6404 -2.13468 -3.05689
917 13.6852 -2.09822 3.06546
918 14.3315 -2.19606 -3.04835
919 13.3179 -2.05972 3.06268
920 12.6709 -2.09373 -2.99374
921 11.9721 -2.10238 3.1378
922 11.3145 -2.10817 -3.08767
923 10.6355 -2.18027 -3.03301
924 10.0032 -2.25156 -2.96913
925 9.42501 -2.21033 3.03115
926 8.94711 -2.15816 3.05867
927 8.29649 -2.11551 3.12312
928 7.66594 -2.03082 3.02632
929 7.00849 -1.99554 3.11439
930 5.77502 -1.91585 3.04355
931 6.44366 -1.93423 -3.14014
932 5.43073 -1.90509 3.06566
933 4.7745 -1.85245 -3.14027
934 4.10939 -1.87108 -3.08147
935 3.34264 -1.84363 2.96751
936 2.73208 -1.76517 3.03837
937 2.15762 -1.75706 -3.13582
938 1.55241 -1.78894 -3.0319
939 0.903578 -1.783 -3.08111
940 0.220435 -1.79056 -3.00362
941 0.044661 -1.3582 1.56231
942 0.083552 -0.858618 1.56832
