0 0 0 1.56834
1 -0.138268 0.410115 -3.07492
2 -0.0167429 1.16024 1.47567
3 0.0500838 1.8645 1.45421
4 0.141571 2.56179 1.37358
5 0.248967 3.27266 1.37439
6 0.294299 3.94882 1.48395
7 0.364588 4.62953 1.57521
8 0.328937 5.3299 1.60441
9 0.315606 5.99395 1.57866
10 0.311931 6.64731 1.54066
11 0.304491 7.3162 1.57405
12 0.349623 7.9664 1.51784
13 0.330404 8.57864 1.55378
14 0.873676 9.03795 0.774864
15 1.34465 9.51278 0.794873
16 1.78807 10.0226 0.80827
17 2.24691 10.5341 0.845133
18 2.73008 11.0336 0.850737
19 3.24007 11.3378 0.361651
20 3.8207 11.5946 0.376038
21 4.42413 11.84 0.34823
22 5.08326 12.1029 0.296439
23 5.69622 12.2917 0.266174
24 6.34967 12.4511 0.206238
25 7.07787 12.5926 0.18956
26 7.75453 12.7374 0.128495
27 8.39982 12.8164 0.133427
28 9.07252 12.8974 0.0514852
29 9.74066 12.9197 0.0465749
30 10.2851 12.9186 -0.0396364
31 10.935 12.8783 -0.0428363
32 11.5933 12.8573 -0.116425
33 12.3966 12.7773 -0.131927
34 13.0833 12.6848 -0.0806449
35 13.7312 12.628 -0.116122
36 14.4045 12.5744 -0.113371
37 15.0663 12.4689 -0.14337
38 15.6877 12.3929 -0.138741
39 16.3271 12.2903 -0.0990941
40 16.9429 12.2349 -0.116576
41 17.6092 12.1629 -0.13293
42 18.3163 12.0547 -0.164956
43 18.9023 12.0184 -0.186903
44 18.8802 11.269 -1.42849
45 18.9373 10.5906 -1.54103
46 18.9545 9.95198 -1.55967
47 18.9444 9.26146 -1.62697
48 18.8618 8.61208 -1.62688
49 18.8049 7.96008 -1.70125
50 18.6961 7.27378 -1.69422
51 18.5235 6.50777 -1.78482
52 18.3635 5.92655 -1.80224
53 18.4399 5.15562 -1.45454
54 18.5117 4.4917 -1.41776
55 18.5883 3.81031 -1.57556
56 18.5742 3.19301 -1.63509
57 18.5338 2.46371 -1.5829
58 18.5496 1.79907 -1.54002
59 18.5717 1.10345 -1.55366
60 18.5804 0.474334 -1.65231
61 18.5123 -0.213586 -1.61682
62 18.4551 -0.801097 -1.67501
63 18.4406 -1.47407 -1.54996
64 18.4081 -2.1144 -1.66455
65 18.3596 -2.79713 -1.58767
66 18.3345 -3.47366 -1.60729
67 18.314 -4.12876 -1.56213
68 18.2875 -4.82749 -1.59643
69 18.2692 -5.46908 -1.55906
70 17.674 -5.62043 -3.05055
71 17.0313 -5.68646 -2.98014
72 16.3501 -5.79478 -2.95402
73 15.6453 -5.92425 -2.88051
74 14.9458 -6.17232 -2.85831
75 14.1596 -6.33491 3.13723
76 13.4845 -6.38305 -3.08435
77 12.8417 -6.41782 -2.96579
78 12.341 -6.51377 -2.94568
79 11.7713 -6.45843 2.90292
80 11.1228 -6.30281 2.96528
81 10.3898 -6.24845 3.10841
82 9.71978 -6.19392 -3.10898
83 9.06538 -6.18348 3.12739
84 8.34772 -6.18122 -3.08161
85 7.69736 -6.20658 -3.02374
86 7.0122 -6.28241 -3.06932
87 6.44834 -6.24425 -3.09275
88 5.75447 -6.28972 -3.13955
89 5.12848 -6.26359 3.11562
90 4.43674 -6.26037 3.11072
91 3.76863 -6.22294 3.11673
92 3.11769 -6.21891 -3.06261
93 2.4324 -6.29383 -2.99103
94 1.77119 -6.31568 -3.03306
95 1.12459 -6.39382 -3.02278
96 0.434656 -6.35739 3.13184
97 -0.126101 -6.3311 -3.13114
98 -0.0542687 -5.77398 1.59258
99 -0.0668859 -5.11072 1.63445
100 -0.127693 -4.39606 1.61054
101 -0.157714 -3.73396 1.67279
102 -0.201496 -3.04647 1.64962
103 -0.278531 -2.3516 1.65897
104 -0.302038 -1.68139 1.65195
105 -0.374014 -1.01335 1.69216
106 -0.441274 -0.47241 1.64228
107 -0.509008 -0.402876 2.60155
108 -0.55551 -0.34182 3.12878
109 -0.551815 -0.391249 -2.60793
110 -0.502444 -0.442778 -2.07326
111 -0.45683 -0.446019 -1.50378
112 -0.411143 -0.433901 -0.966817
113 -0.419167 -0.427995 -0.405988
114 -0.421833 -0.332387 0.136324
115 -0.46079 -0.327377 0.674274
116 -0.469649 -0.415111 1.23546
117 -0.565013 0.389281 1.59701
118 -0.575198 1.1613 1.61937
119 -0.56072 1.82568 1.56154
120 -0.587332 2.4685 1.58328
121 -0.545429 3.17634 1.5197
122 -0.523686 3.8665 1.54342
123 -0.50691 4.54182 1.51637
124 -0.467511 5.17705 1.54052
125 -0.467375 5.83158 1.51364
126 -0.441254 6.50746 1.54515
127 -0.413135 7.2067 1.48
128 -0.365051 7.87891 1.50701
129 -0.0253057 8.52387 1.03252
130 0.331599 9.01713 0.839974
131 0.764869 9.50875 0.776309
132 1.28056 9.89914 0.616227
133 1.88511 10.2714 0.504499
134 2.44559 10.5871 0.483614
135 3.01532 10.8826 0.491326
136 3.64514 11.2019 0.449706
137 4.26449 11.476 0.407949
138 4.82023 11.7818 0.37673
139 5.45489 12.0465 0.348127
140 6.06188 12.259 0.300329
141 6.66528 12.4335 0.271214
142 7.3326 12.6028 0.242539
143 7.96596 12.7617 0.18767
144 8.62689 12.8895 0.168889
145 9.29731 12.9701 0.0556142
146 9.92078 13.0055 0.0581692
147 10.6427 13.0229 -0.0225026
148 11.2489 13.027 -0.0108045
149 11.9241 13.0464 -0.0564962
150 12.6057 12.9884 -0.157792
151 13.2028 12.8722 -0.184235
152 13.8874 12.7715 -0.188897
153 14.4462 12.663 -0.167108
154 15.1115 12.5545 -0.180112
155 15.8154 12.4334 -0.150466
156 16.4578 12.3583 -0.129758
157 17.0985 12.2464 -0.194061
158 17.7439 12.0996 -0.215424
159 18.4164 11.9567 -0.224123
160 18.944 11.8428 -0.269871
161 18.8465 11.1164 -1.53103
162 18.8454 10.451 -1.58549
163 18.8537 9.80048 -1.52013
164 18.8749 9.11498 -1.49938
165 18.9471 8.46978 -1.45784
166 19.009 7.80479 -1.4722
167 19.0392 7.13067 -1.50185
168 19.1187 6.44081 -1.35161
169 19.1207 5.81731 -1.7007
170 19.0728 5.21804 -1.57818
171 18.9242 4.75462 -1.94098
172 18.7001 4.11592 -1.83537
173 18.5534 3.43877 -1.87399
174 18.5401 2.91462 -1.4657
175 18.6356 2.38629 -1.38421
176 18.6962 1.91796 -1.33811
177 18.8271 1.23747 -1.47141
178 18.8213 0.623405 -1.68185
179 18.7292 -0.0291631 -1.64723
180 18.7391 -0.636653 -1.56776
181 18.7456 -1.28963 -1.53831
182 18.7682 -1.96654 -1.4728
183 18.8163 -2.61996 -1.58136
184 18.7825 -3.30127 -1.64036
185 18.7851 -3.97874 -1.4907
186 18.6367 -4.3633 -2.28773
187 18.1434 -4.83238 -2.34215
188 17.7143 -5.25845 -2.36301
189 17.2594 -5.69173 -2.40035
190 16.7729 -5.79062 -2.92698
191 16.1005 -5.9357 -2.84281
192 15.4706 -6.16714 -2.78316
193 14.9898 -6.36386 -2.78992
194 14.3162 -6.33117 -3.08792
195 13.6332 -6.36529 -3.06266
196 13.0867 -6.43135 -2.96391
197 12.5095 -6.5229 -3.05192
198 11.8829 -6.56432 -3.0748
199 11.0856 -6.53148 3.00865
200 10.432 -6.42557 3.08612
201 9.74776 -6.4058 -3.10396
202 9.06348 -6.37173 3.07955
203 8.37744 -6.36637 -3.12776
204 7.72264 -6.44354 -2.92217
205 7.04111 -6.59166 -2.91268
206 6.42956 -6.62907 -3.06895
207 5.76967 -6.69814 -2.94952
208 5.14858 -6.76398 -3.12891
209 4.46139 -6.79371 -3.04678
210 3.77664 -6.78154 -3.13342
211 3.11674 -6.80864 -3.1413
212 2.4309 -6.72505 3.07561
213 1.76841 -6.7007 3.1366
214 1.08469 -6.64066 3.12144
215 0.437102 -6.63728 -3.10676
216 -0.219505 -6.65359 -3.07087
217 -0.293445 -5.98086 1.67279
218 -0.367588 -5.28818 1.67612
219 -0.409795 -4.59863 1.615
220 -0.42283 -3.8961 1.6104
221 -0.417519 -3.2559 1.51802
222 -0.318969 -2.56895 1.44731
223 -0.235076 -1.87342 1.45067
224 -0.194488 -1.18977 1.43567
225 -0.065782 -0.550572 1.51731
226 -0.0569714 -0.0705317 1.56347
227 -0.0285733 0.631027 1.48493
228 -0.00810944 1.15334 1.47543
229 -0.0358402 1.61675 1.65409
230 -0.139358 2.39236 1.66635
231 -0.161741 3.0501 1.62363
232 -0.199747 3.63693 1.55615
233 -0.233646 4.28503 1.66127
234 -0.28259 4.95145 1.60384
235 -0.36094 5.0203 3.03725
236 -0.96747 4.91291 -2.94403
237 -1.62249 4.79868 -2.94093
238 -2.30334 4.65485 -2.89935
239 -2.97883 4.5291 -2.87152
240 -3.59934 4.31437 -2.77147
241 -3.82539 4.15156 -1.67838
242 -3.77841 4.14472 -1.12983
243 -3.72373 4.18435 -0.599882
244 -3.71865 4.23135 -0.0593976
245 -3.71827 4.28039 0.496067
246 -3.75729 4.34392 1.04002
247 -3.80552 4.36116 1.53774
248 -3.1881 4.35646 0.105428
249 -2.54973 4.41653 0.0479191
250 -1.90397 4.43653 0.0307225
251 -1.21546 4.4552 0.0234856
252 -0.542954 4.45218 -0.00266
253 -0.529646 4.53835 1.00044
254 -0.565372 4.53513 1.52004
255 -0.588536 4.57014 2.07221
256 -0.617894 4.57466 2.64366
257 -0.625292 4.49789 -3.10237
258 -0.615413 4.45253 -2.52449
259 -0.58124 4.49815 -1.99708
260 -0.526819 4.43665 -1.45198
261 -0.477074 4.47114 -0.888341
262 -0.468407 4.50746 -0.358405
263 -0.458061 4.5453 0.202421
264 -0.484503 4.54468 0.719335
265 -0.452371 4.85255 1.24665
266 -0.312369 5.51811 1.35226
267 -0.153098 6.18625 1.27454
268 0.00576539 6.77503 1.30002
269 0.674483 6.75225 0.083126
270 1.29375 6.80554 0.0363377
271 2.03349 6.87108 -0.00105617
272 2.10403 6.83508 -3.03546
273 2.13285 7.00878 1.97025
274 2.0796 6.92116 2.53184
275 1.548 6.99641 2.92451
276 1.50231 6.96529 -2.77962
277 1.00617 6.79349 -3.11805
278 0.484595 7.22313 2.4954
279 -0.0786318 7.63123 2.45968
280 0.286504 8.24902 1.05054
281 0.633751 8.80555 1.0143
282 0.979513 9.39168 0.982057
283 1.03861 9.61085 1.89809
284 0.602245 10.0669 2.36314
285 0.0695134 10.5302 2.46643
286 -0.447599 10.9308 2.58725
287 -0.62073 10.924 -2.68238
288 -0.576944 10.8666 -1.65088
289 -0.47469 10.9094 -0.634857
290 -0.461857 10.9481 -0.126275
291 -0.459409 11.0009 0.440808
292 -0.350848 11.3174 1.00366
293 0.00192367 11.8708 1.05057
294 0.318109 12.4616 0.971713
295 0.513829 12.7133 1.70178
296 0.4593 12.6634 2.21738
297 0.451722 12.6114 2.77859
298 0.428303 12.5613 -2.94002
299 0.456065 12.5536 -2.40001
300 0.50143 12.4904 -1.84574
301 0.537565 12.5318 -1.28728
302 0.925254 12.3718 -0.679426
303 1.45321 11.964 -0.739114
304 1.8076 11.3961 -1.02093
305 2.15951 10.855 -1.05138
306 2.4315 10.3816 -1.12661
307 2.45233 10.4275 -0.0854413
308 2.42338 10.4775 0.419207
309 2.96521 10.7562 0.480228
310 3.54082 11.0299 0.368443
311 3.80075 10.3996 -1.07162
312 4.05742 9.8255 -1.14657
313 4.36796 9.24946 -1.07489
314 4.70381 8.65053 -1.00309
315 4.67786 8.02886 -1.54488
316 4.70751 7.93967 -0.988446
317 4.73646 8.06232 -0.477265
318 4.72942 8.11305 0.298591
319 4.68231 8.11839 0.852412
320 4.63265 8.12606 1.38688
321 4.62145 8.76584 1.54076
322 4.64718 9.46938 1.51144
323 4.96417 9.73531 0.00285109
324 5.64333 9.73676 0.0344988
325 6.29206 9.72031 -0.0319301
326 6.93512 9.71961 0.0294639
327 7.51818 9.71629 -0.0176732
328 7.00818 9.85145 3.00476
329 6.357 9.92539 3.08915
330 5.64937 9.94473 3.12622
331 4.96272 9.93556 -3.07939
332 4.91571 10.5183 1.74934
333 4.80968 11.1484 1.72185
334 4.74675 11.8615 1.6254
335 5.3292 11.8345 0.0862509
336 5.9664 11.8529 -0.00211905
337 6.39269 11.9142 0.971898
338 6.38582 12.5505 1.49808
339 6.46736 13.1668 1.4382
340 6.58323 13.8086 1.38673
341 6.72982 14.4487 1.35403
342 6.93141 15.1289 1.28751
343 7.08247 15.6087 1.3046
344 7.00546 15.1894 -1.72598
345 6.93082 14.5052 -1.72613
346 6.77067 13.8717 -1.71283
347 6.65744 13.1819 -1.68336
348 6.60156 12.5423 -1.63571
349 6.66903 12.2149 -0.679862
350 6.71965 12.2619 -0.181067
351 7.27148 12.3031 -0.00487352
352 7.98348 12.2808 -0.055671
353 8.61871 12.3203 0.0227247
354 9.29062 12.3181 0.143256
355 9.94592 12.3683 0.0439755
356 10.6273 12.3724 -0.0639973
357 11.34 12.3692 0.165863
358 11.9326 12.5446 0.235713
359 12.5453 12.6741 0.15878
360 13.2377 12.7603 0.104221
361 13.4029 12.8668 1.16743
362 13.3193 13.4565 1.56502
363 13.4006 14.1619 1.39642
364 13.5546 14.8499 1.34913
365 13.6617 15.4856 1.3068
366 13.6834 15.8773 2.77256
367 13.7208 15.7351 -1.93705
368 13.6109 15.1177 -1.77059
369 13.4688 14.489 -1.70881
370 13.4376 13.8209 -1.67827
371 13.3622 13.1631 -1.63878
372 13.2984 12.5274 -1.69759
373 13.3284 12.5191 -1.16395
374 13.3845 12.5796 -0.635239
375 13.4194 12.6224 -0.0822205
376 14.0038 12.6076 -0.0300889
377 14.686 12.5899 -0.0679555
378 15.2936 12.5663 -0.0948021
379 15.8943 12.4898 -0.108179
380 16.5229 12.4114 -0.144412
381 17.1868 12.2939 -0.243711
382 17.8307 12.1558 -0.249553
383 18.4681 11.9509 -0.284852
384 19.0928 11.7566 -0.355087
385 19.2331 11.7894 0.688313
386 19.1836 11.8109 1.19802
387 19.2174 12.3815 1.44458
388 19.3309 13.0293 1.40704
389 19.4606 13.686 1.36817
390 19.6295 14.359 1.26017
391 19.8201 14.9759 1.43537
392 19.8801 15.6767 1.49469
393 19.7974 15.8702 2.28277
394 19.7831 15.828 2.81721
395 19.7733 15.7826 -2.88496
396 19.8317 15.7619 -2.35662
397 19.8836 15.7618 -1.77572
398 19.9346 15.7452 -1.25877
399 19.9925 15.7936 -0.746398
400 20.0086 15.8363 -0.177738
401 20.0286 15.8952 0.320728
402 19.7543 15.2496 -1.8907
403 19.4911 14.6441 -1.86368
404 19.3231 13.9623 -1.73304
405 19.1825 13.313 -1.72602
406 19.0966 12.651 -1.65486
407 19.12 12.0711 -1.61647
408 19.0963 11.411 -1.58016
409 19.0438 10.7275 -1.62997
410 19.1292 10.7313 -0.618791
411 19.1618 10.776 -0.0844227
412 19.7909 10.7865 0.0341044
413 20.4484 10.8061 0.00417599
414 21.141 10.804 -0.0162589
415 21.3329 10.8577 1.23858
416 21.2839 10.8747 1.76606
417 21.1826 10.8833 2.32271
418 21.1766 10.8342 2.90713
419 21.1696 10.7856 -2.85388
420 20.5784 10.5566 -2.78653
421 19.9704 10.2932 -2.71562
422 19.3384 10.0521 -2.67711
423 18.7233 9.75899 -2.62689
424 18.6388 9.67533 -1.998
425 18.5896 9.05002 -1.64614
426 18.5429 8.39467 -1.50919
427 18.5741 7.72673 -1.54528
428 18.594 7.07358 -1.44678
429 18.671 6.42408 -1.43409
430 18.8054 5.75684 -1.36104
431 18.9225 5.11094 -1.36954
432 19.0288 4.60566 -1.26764
433 19.1003 4.68586 -0.192128
434 19.699 4.65924 0.0313223
435 20.2987 4.67313 -0.0185556
436 20.9645 4.65292 -0.0416357
437 21.603 4.60746 -0.137673
438 21.7113 4.69417 0.632526
439 21.6693 4.76248 1.18953
440 21.6213 4.77988 1.68852
441 21.5644 4.75159 2.25011
442 21.5598 4.70731 2.78177
443 21.5079 4.65228 -2.9741
444 20.8174 4.49632 -3.08219
445 20.131 4.44128 -3.01559
446 19.5264 4.31102 -2.92928
447 18.8962 4.24883 -3.00857
448 18.6116 4.14235 -1.905
449 18.5733 3.49354 -1.76204
450 18.5689 3.14832 -0.722238
451 18.6053 3.20394 -0.188355
452 19.211 3.25213 0.0365094
453 19.9058 3.24723 -0.224077
454 20.5282 3.09179 -0.226838
455 21.1527 2.94862 -0.22092
456 21.7794 2.81371 -0.238035
457 21.7784 2.83046 -0.324165
458 20.9157 3.02534 3.11514
459 20.2239 3.07784 3.0465
460 19.5776 3.11592 3.10932
461 18.9281 3.1171 -3.11369
462 18.5806 3.04552 -2.07425
463 18.613 2.97178 -1.42466
464 18.702 2.30656 -1.40715
465 18.773 1.61846 -1.51171
466 18.809 0.976045 -1.58639
467 18.7678 0.468423 -1.6628
468 18.6945 -0.182012 -1.61766
469 18.6499 -0.865258 -1.66436
470 18.6044 -1.52996 -1.65156
471 18.5027 -2.18616 -1.71161
472 18.4158 -2.76315 -1.79734
473 18.4955 -2.73107 -0.794305
474 18.5403 -2.70064 -0.233035
475 19.2034 -2.70084 0.175124
476 19.8879 -2.51491 0.428777
477 20.4355 -2.16028 0.584855
478 21.0977 -1.97195 0.0777341
479 21.7282 -1.96994 0.23595
480 21.6837 -1.92092 0.768302
481 21.6391 -1.90577 1.32015
482 21.5934 -1.89637 1.84894
483 21.5357 -1.93836 2.42956
484 21.5187 -1.97437 2.93797
485 20.9108 -2.10533 -2.99052
486 20.2767 -2.19375 -3.01264
487 19.6607 -2.36835 -2.73212
488 19.0423 -2.6358 -2.71624
489 18.5398 -2.84215 -2.7892
490 18.5889 -2.8995 -2.29402
491 18.6027 -2.90653 -1.73656
492 18.6595 -3.50354 -1.53353
493 18.7584 -4.17934 -1.40497
494 18.8042 -4.24709 -0.613107
495 18.8166 -4.20187 -0.0843286
496 19.4086 -4.21241 0.0216438
497 20.003 -4.18803 0.0181792
498 20.6766 -4.1706 0.0239135
499 21.324 -4.14688 -0.0341878
500 22.0251 -4.18139 -0.0418047
501 21.2905 -4.08909 -0.233759
502 20.5122 -4.00436 -3.05678
503 19.8855 -4.1144 -2.68901
504 19.3256 -4.38379 -2.71259
505 18.7367 -4.67232 -2.65429
506 18.647 -4.80349 -1.53991
507 18.7995 -5.03477 -1.01399
508 19.0549 -5.58909 -1.18259
509 19.2659 -6.17892 -1.19973
510 19.4607 -6.81775 -1.17014
511 19.7157 -7.34571 -1.13446
512 19.9711 -7.9371 -1.08674
513 20.1117 -8.10697 -0.610698
514 20.1181 -8.00452 -0.0919305
515 20.1182 -7.94939 0.452286
516 20.0719 -7.89793 0.967316
517 20.0231 -7.88918 1.50337
518 19.9676 -7.9283 2.03428
519 19.9088 -7.95963 2.59692
520 19.9041 -8.00613 3.13122
521 19.5912 -7.43015 2.16742
522 19.1604 -6.87342 2.27598
523 18.7643 -6.37661 2.37849
524 18.3549 -5.89503 2.20576
525 17.9994 -5.39404 2.22972
526 17.5736 -4.88338 2.29907
527 17.0824 -4.37953 2.3416
528 16.7208 -3.93561 2.06842
529 16.8576 -4.72957 -1.43731
530 16.8185 -5.34625 -1.56788
531 16.872 -6.00565 -1.4962
532 16.8382 -6.66747 -1.5923
533 16.8054 -7.31511 -1.63752
534 16.6978 -8.08607 -1.59471
535 16.6894 -8.73407 -1.62384
536 16.6733 -9.37496 -1.54411
537 16.7288 -9.57057 -1.05724
538 16.7434 -9.52648 -0.491107
539 16.7594 -9.47759 0.0889144
540 16.7232 -9.42536 0.607187
541 16.6338 -9.34116 1.59314
542 16.58 -8.74046 1.7407
543 16.4791 -8.04672 1.67648
544 16.377 -7.35979 1.74825
545 16.2325 -6.68845 1.81209
546 16.1 -6.04015 1.80842
547 15.9794 -5.90219 2.87486
548 15.3965 -6.06665 -2.97933
549 14.9024 -6.1888 -2.40486
550 14.9509 -6.18333 -1.83417
551 14.9266 -6.75689 -1.63227
552 14.7986 -7.40768 -1.59697
553 14.7076 -7.45934 1.66524
554 14.7337 -6.81793 1.52852
555 14.7958 -6.14665 1.43782
556 14.8084 -5.9319 1.9399
557 14.7868 -5.95794 2.50472
558 14.862 -6.00017 3.0037
559 14.3007 -6.12901 -3.00093
560 13.7022 -6.22093 -2.9635
561 13.0668 -6.29626 -3.0816
562 12.4634 -6.3212 -2.98311
563 11.7625 -6.34904 -3.13375
564 11.1027 -6.36946 -3.02772
565 10.4869 -6.46735 -3.03631
566 9.7853 -6.50834 -2.98303
567 9.42217 -6.64069 -1.90474
568 9.49284 -7.24946 -1.46391
569 9.57616 -7.58587 -0.446565
570 9.56101 -7.55595 0.0673156
571 9.52873 -7.51378 0.600762
572 9.48962 -7.46785 1.11595
573 9.50086 -7.47819 1.67912
574 9.30379 -6.8585 1.86027
575 9.15526 -6.22361 1.81714
576 8.5 -6.34377 -2.97777
577 8.00012 -6.42963 -2.79588
578 8.03452 -6.49031 -2.218
579 8.07403 -6.52742 -1.69713
580 8.09828 -7.11967 -1.50404
581 8.17193 -7.78034 -1.50496
582 8.21984 -8.43165 -1.47138
583 7.87958 -8.82963 -2.5705
584 7.34312 -9.18669 -2.60384
585 7.63602 -8.69434 0.948265
586 8.02975 -8.14015 1.05026
587 8.00554 -7.67803 1.71301
588 7.89483 -6.98139 1.74766
589 7.82199 -6.84078 2.7362
590 7.16598 -6.78141 3.06484
591 6.50328 -6.75495 -3.13415
592 5.8147 -6.7623 -3.07942
593 5.14676 -6.8053 -2.95712
594 4.48661 -6.95472 -2.89997
595 3.79297 -6.99766 -3.05881
596 3.15157 -7.04801 -2.97767
597 2.46598 -7.17337 -2.91678
598 1.86726 -7.3357 -2.86899
599 1.90784 -7.40295 -2.32198
600 1.95568 -7.41717 -1.74402
601 2.04285 -8.01614 -1.5668
602 1.9874 -8.71049 -1.64099
603 2.04474 -9.15892 -0.938294
604 2.05445 -9.11069 -0.424762
605 2.07225 -9.06132 0.0915146
606 2.07414 -9.01049 0.615509
607 1.97794 -8.96361 1.63831
608 1.92185 -8.9982 2.20354
609 2.06033 -8.38515 1.41594
610 2.10745 -7.70452 1.46365
611 2.13677 -7.0637 1.46602
612 2.07905 -7.01853 2.48499
613 2.05416 -7.09929 2.99078
614 1.49699 -7.06984 3.04553
615 0.797074 -6.97006 3.07902
616 0.148636 -6.96265 -3.11237
617 -0.530177 -6.98051 -3.09181
618 -1.17702 -7.01897 -3.09951
619 -1.84341 -7.04603 -3.10727
620 -2.4881 -7.05019 3.12436
621 -3.15512 -7.03831 3.14124
622 -3.53936 -7.09313 -2.17475
623 -3.49423 -7.10768 -1.65005
624 -3.44498 -7.12691 -1.10432
625 -3.43342 -7.09658 -0.544657
626 -3.42205 -7.00147 -0.0120509
627 -3.4048 -6.95056 0.540763
628 -3.39122 -6.88512 1.09
629 -3.44169 -6.87243 1.60316
630 -2.88034 -6.92567 -0.0194354
631 -2.26812 -6.94183 0.0148318
632 -1.57122 -6.95023 -0.0262767
633 -0.880279 -6.97328 -0.0130898
634 -0.231709 -7.00244 -0.0596148
635 0.0498768 -6.96277 0.993501
636 -0.00542087 -6.89853 1.51045
637 -0.0567835 -6.33556 1.571
638 -0.114673 -5.61776 1.57481
639 -0.155379 -4.92934 1.60276
640 -0.135037 -4.2999 1.56618
641 -0.118498 -3.67859 1.6
642 -0.091968 -2.98005 1.54014
643 -0.0674445 -2.31984 1.53463
644 -0.00839201 -1.66105 1.4945
645 -0.06212 -1.19957 2.45737
646 -0.0979673 -1.25563 2.99053
647 -0.727058 -1.29584 -3.10113
648 -1.40715 -1.33437 -3.12469
649 -2.07483 -1.3302 -3.10509
650 -2.70945 -1.37673 -3.07799
651 -3.29319 -1.41995 -3.03523
652 -3.28159 -1.48883 -1.95007
653 -3.2336 -1.50345 -1.41064
654 -3.16913 -1.46684 -0.347902
655 -3.16444 -1.4158 0.224817
656 -3.21183 -1.31589 0.706542
657 -3.25172 -1.24932 1.27315
658 -2.669 -1.38868 -0.0677623
659 -2.04497 -1.45462 -0.160216
660 -1.24923 -1.2452 0.276713
661 -0.559948 -1.05881 0.033697
662 0.106224 -1.11841 -0.20455
663 0.718807 -1.26972 -0.299479
664 0.730619 -1.24031 0.226357
665 0.681258 -1.21035 1.27136
666 0.638625 -1.16891 1.81821
667 0.56949 -1.34098 2.33091
668 0.542306 -1.38621 2.86283
669 0.526811 -1.36105 -2.88005
670 0.569103 -1.37637 -2.37659
671 0.403125 -1.91448 -1.90918
672 0.161082 -2.49688 -2.00043
673 -0.13758 -3.11032 -1.94169
674 -0.223671 -3.79817 -1.63491
675 -0.128502 -4.44126 -1.25989
676 -0.0206827 -4.54103 -0.474432
677 0.573582 -4.86829 -0.517921
678 1.18266 -5.17989 -0.524447
679 1.60217 -5.45997 -0.566807
680 2.16916 -5.8302 -0.600514
681 2.69719 -6.20421 -0.602257
682 3.22307 -6.54364 -0.625362
683 3.83096 -6.43911 0.125021
684 4.5074 -6.33768 0.206868
685 5.16363 -6.19156 0.180714
686 5.80363 -6.04506 0.208416
687 6.45675 -6.01488 -0.193225
688 7.05458 -6.1127 -0.109083
689 7.66789 -6.17149 -0.101681
690 8.27171 -6.23875 -0.110175
691 8.90368 -6.34098 -0.134241
692 9.62993 -6.11567 0.277434
693 10.2812 -6.08886 0.0351193
694 10.9606 -6.06842 0.00766434
695 11.5873 -6.04425 -0.0228905
696 12.221 -6.06978 -0.0805336
697 12.8743 -6.15072 -0.100028
698 13.4599 -6.27755 -0.115856
699 14.0181 -6.1205 0.360638
700 14.5551 -5.88477 0.360343
701 15.1867 -5.66168 0.337312
702 15.7938 -5.43587 0.33494
703 16.3766 -5.22756 0.281569
704 17.0001 -5.07739 0.187529
705 17.6496 -4.99885 0.139531
706 18.2799 -4.9208 0.0817048
707 18.5971 -4.79021 1.59408
708 18.506 -4.19286 1.73384
709 18.5073 -3.54244 1.56117
710 18.4891 -2.85826 1.57135
711 18.5227 -2.21546 1.49721
712 18.6374 -1.53415 1.48936
713 18.7092 -0.878686 1.489
714 18.6909 -0.196556 1.52817
715 18.7502 0.469307 1.48186
716 18.6589 0.998696 1.8209
717 18.5456 1.57729 1.85064
718 18.4404 2.19554 1.69306
719 18.402 2.8642 1.4628
720 18.5522 3.88526 1.41223
721 18.5545 4.20785 1.61085
722 18.4916 4.86463 1.66434
723 18.4685 5.55175 1.5498
724 18.5212 6.2106 1.49344
725 18.5692 6.89293 1.44588
726 18.6884 7.54564 1.3937
727 18.8077 8.17938 1.32079
728 18.9259 8.79727 1.4042
729 19.0575 9.4405 1.38195
730 19.1228 10.1115 1.42851
731 19.1211 10.796 1.63507
732 19.0791 11.4765 1.56256
733 19.082 12.1294 1.54409
734 19.0011 12.2516 3.03024
735 18.688 12.2041 -3.00208
736 18.1426 12.0963 -2.9701
737 17.4576 12.1499 3.02743
738 16.812 12.2496 3.09694
739 16.167 12.3105 3.11295
740 15.4694 12.3209 3.08108
741 14.7918 12.3913 3.12261
742 14.0909 12.4267 3.11551
743 13.4269 12.4336 -3.12755
744 12.7371 12.4306 -3.1214
745 12.3999 12.4212 -3.08887
746 11.8546 12.4039 -3.08166
747 11.1821 12.3805 -3.03561
748 10.5198 12.3211 -3.01675
749 9.86447 12.2068 -2.94801
750 9.2004 12.0951 -2.9796
751 8.52167 12.0211 -2.97631
752 7.86519 11.915 -2.95562
753 7.23276 11.8277 -2.9577
754 6.55385 11.6945 -2.94351
755 5.90102 11.5808 -2.96329
756 5.25957 11.465 -2.94887
757 4.6373 11.3616 -2.93569
758 4.00229 11.2455 -2.88319
759 3.40509 11.0872 -2.92374
760 2.74172 10.9748 -2.90845
761 2.41389 10.3478 -2.06035
762 1.99978 9.82205 -2.34521
763 1.54546 9.36592 -2.25945
764 1.06881 8.92309 -2.42521
765 0.578737 8.4672 -2.35953
766 0.114558 7.9989 -2.26517
767 -0.242459 7.5254 -2.18498
768 -0.467411 7.10038 -1.59551
769 -0.406546 6.12073 -1.44765
770 -0.41353 5.78776 -1.52216
771 -0.391524 5.13083 -1.49185
772 -0.331503 4.51891 -1.37511
773 -0.304214 3.83198 -1.51596
774 -0.231691 3.03484 -1.48666
775 -0.158371 2.38702 -1.42312
776 -0.0828042 1.80723 -1.54801
777 -0.077954 1.13596 -1.43081
778 -0.00931914 0.536844 -1.49982
779 0.0571296 -0.186651 -1.49767
780 0.0816702 -0.69225 -1.46408
781 0.157617 -1.31618 -1.36275
782 0.258387 -1.821 -1.38301
783 0.303863 -1.71878 -0.343462
784 0.895405 -1.62156 0.0421338
785 1.54132 -1.60851 0.00404957
786 2.18524 -1.6104 -0.00153866
787 2.89433 -1.57088 -0.0351814
788 3.55896 -1.58562 -0.109763
789 3.5224 -2.33782 -1.53119
790 3.5064 -3.04259 -1.61321
791 3.52854 -3.37494 -1.05162
792 3.60359 -3.32941 -0.500371
793 3.64065 -3.29059 0.0914088
794 3.6325 -3.23782 0.627672
795 3.6059 -3.18217 1.12176
796 3.57033 -3.17229 1.68839
797 3.51385 -3.22212 2.24354
798 3.45232 -3.26033 2.77479
799 3.54692 -2.74477 1.61543
800 3.5095 -2.04436 1.64231
801 3.48417 -1.39473 1.69892
802 3.43584 -0.721473 1.63408
803 3.3826 -0.0539534 1.62815
804 3.31007 -0.00476206 2.62448
805 3.29789 -0.0536954 3.12605
806 3.30352 -0.100496 -2.62549
807 3.34241 -0.153679 -2.10773
808 3.38948 -0.151073 -1.54555
809 3.43038 -0.103315 -0.998054
810 3.4891 -0.00447282 -0.491822
811 4.13819 -0.00516097 -0.0873762
812 4.78709 -0.125937 -0.0665144
813 4.99408 -0.463191 -1.56414
814 5.04173 -1.06052 -1.45943
815 5.08355 -1.64272 -1.51935
816 5.14243 -1.57957 -0.478877
817 5.54028 -2.10976 -0.925579
818 5.71427 -2.78191 -1.50278
819 5.70678 -3.46186 -1.48457
820 5.7795 -3.61125 -0.935281
821 6.37896 -3.64097 -0.271517
822 6.95051 -3.79468 -0.20248
823 7.39374 -4.26571 -0.731239
824 7.49031 -4.27296 -0.240755
825 7.48908 -4.22499 0.254081
826 7.44129 -4.1665 0.799669
827 7.3914 -4.14593 1.31987
828 7.32485 -4.16882 1.8603
829 7.25097 -4.19096 2.38131
830 6.68164 -3.90303 2.64863
831 6.10956 -3.58818 2.66429
832 5.63747 -3.33318 2.61088
833 5.6156 -2.6589 1.72085
834 5.49618 -1.96024 1.70892
835 5.80726 -1.60964 -0.0911832
836 6.48533 -1.70924 -0.14272
837 7.09528 -1.79971 -0.261008
838 7.82602 -1.77793 -0.0572102
839 8.5089 -1.82274 -0.0989357
840 9.17428 -1.91319 -0.104919
841 9.80439 -1.83114 0.168388
842 10.4868 -1.78038 0.0278839
843 11.1574 -1.78808 -0.0168916
844 11.8249 -1.89898 -0.124752
845 12.4837 -1.86275 0.212462
846 13.1133 -1.74885 0.114745
847 13.7644 -1.70584 0.130634
848 14.406 -1.62481 0.119748
849 14.9772 -1.55136 0.124354
850 15.2149 -2.18074 -1.07929
851 15.1346 -2.9559 -1.65964
852 15.1397 -3.59037 -1.58331
853 15.1241 -4.13544 -1.56665
854 15.2537 -4.0553 -0.558918
855 15.22 -4.00837 0.00465618
856 15.2338 -3.95942 0.545447
857 15.1962 -3.92805 1.09239
858 15.103 -3.91069 1.61414
859 15.0113 -3.3207 1.71083
860 15.0607 -2.5928 1.29521
861 15.2572 -1.95102 1.24576
862 15.4501 -1.38942 1.21102
863 16.0311 -1.44265 -0.176785
864 16.6918 -1.49548 -0.163671
865 16.901 -1.90466 -1.64034
866 16.9315 -2.50785 -1.53627
867 16.9078 -3.12378 -1.57484
868 16.8501 -3.81956 -1.58746
869 16.8395 -4.41389 -1.52128
870 16.8812 -5.05176 -1.51708
871 16.9532 -5.49449 -0.710577
872 16.9675 -5.40779 -0.195814
873 16.9694 -5.34242 0.39146
874 16.9249 -5.30567 0.947308
875 16.8562 -5.25624 1.49456
876 16.8261 -5.28189 2.03438
877 16.792 -5.30755 2.57416
878 16.7534 -5.34598 3.11216
879 16.1834 -5.55201 -2.81546
880 15.555 -5.70922 -2.86872
881 14.9768 -5.87514 -2.76124
882 14.3391 -6.10753 -2.87564
883 13.5836 -6.27033 -2.9939
884 12.8756 -6.28071 3.12325
885 12.285 -6.21074 -3.14081
886 11.6085 -6.21846 -3.09988
887 10.8999 -6.23556 -3.04887
888 10.2753 -6.28139 -3.04554
889 10.3872 -6.35433 -2.05529
890 10.4445 -6.38066 -1.44931
891 10.3677 -6.34628 -0.928895
892 10.4601 -6.30578 -0.346344
893 11.0543 -6.19661 0.0999957
894 11.6677 -6.10251 0.128247
895 12.3998 -6.01388 0.0620407
896 13.0035 -5.9789 0.0608886
897 13.6831 -6.01989 -0.0250752
898 14.3042 -6.06055 0.00370048
899 14.9513 -6.13194 -0.0769913
900 15.5667 -6.24776 -0.0755264
901 16.1934 -6.3046 -0.106426
902 16.6431 -6.26473 0.33346
903 16.5747 -6.19807 0.855184
904 16.5103 -6.15446 1.36841
905 16.6103 -5.56148 1.42619
906 16.6822 -4.95667 1.51304
907 16.7582 -4.2309 1.47841
908 16.741 -3.57331 1.53176
909 16.7943 -2.86115 1.55393
910 16.823 -2.15788 1.5246
911 16.8067 -1.5132 1.5558
912 16.7797 -1.497 2.07523
913 16.7052 -1.60542 3.08915
914 16.1299 -1.64042 -3.1115
915 15.4672 -1.6218 -3.08893
916 14.7874 -1.69404 -3.03253
917 13.8263 -1.69155 3.09644
918 14.4711 -1.75023 -3.01279
919 13.4458 -1.6517 3.10017
920 12.813 -1.70707 -2.95907
921 12.1005 -1.74146 -3.1083
922 11.4438 -1.76753 -3.0491
923 10.7626 -1.86481 -3.00062
924 10.1323 -1.95246 -2.94209
925 9.55393 -1.93136 3.06224
926 9.07348 -1.89462 3.08425
927 8.42091 -1.86373 -3.13666
928 7.78154 -1.80565 3.057
929 7.12311 -1.79021 -3.13654
930 5.86123 -1.69864 3.06641
931 6.53222 -1.69759 -3.11525
932 5.53057 -1.68214 3.08737
933 4.86432 -1.65084 -3.13015
934 4.18808 -1.67487 -3.0627
935 3.41872 -1.64998 3.00369
936 2.80056 -1.57831 3.07471
937 2.22531 -1.58554 -3.09339
938 1.62351 -1.6528 -3.02222
939 0.977556 -1.64769 -3.06578
940 0.278299 -1.68516 -2.99318
941 0.0881613 -1.24494 1.56758
942 0.0941865 -0.745075 1.56339
